185 278
715 604
897 894
502 836
77 777
377 486
771 196
510 159
166
1 1
1 70
1 97
2 7
1 57
2 7
1 96
2 7
1 85
2 7
1 14
2 7
1 76
1 9
1 68
2 7
1 52
1 46
1 52
1 47
1 3
1 47
2 7
1 26
2 7
1 41
2 7
2 8
1 73
2 8
1 60
2 8
1 23
2 8
1 20
2 8
1 53
1 44
2 8
2 1
1 15
2 1
1 55
2 1
1 34
1 62
1 89
1 72
1 43
1 45
1 81
1 91
1 72
2 1
1 58
2 1
1 59
1 12
2 1
1 39
1 13
1 92
1 83
1 92
1 17
1 87
1 5
1 33
1 79
1 4
2 6
1 66
1 84
1 86
1 77
1 35
1 77
1 63
1 67
1 22
1 42
1 90
1 99
1 37
1 36
2 6
1 27
2 6
1 82
2 6
2 4
1 38
2 4
1 74
2 4
1 16
2 4
1 48
1 18
1 48
1 40
1 2
2 2
1 8
2 2
1 11
2 2
1 6
2 2
1 88
1 7
1 29
1 30
2 2
1 25
1 54
1 65
1 95
1 32
2 2
1 49
2 2
1 69
2 2
1 51
1 28
1 51
2 2
2 3
1 19
2 3
1 78
2 3
1 93
2 3
1 100
2 3
1 24
2 3
2 4
1 71
1 56
2 4
2 5
1 10
2 5
1 94
2 5
1 75
1 64
1 21
1 61
2 5
1 50
2 5
1 31
2 5
2 6
1 80
2 8
2 7
1 98
1 98
2 7
1 70
1 1
